# Created by Octave 5.1.0, Wed Jun 02 17:03:34 2021 GMT <unknown@565201-MITLL>
# name: gRRC
# type: matrix
# rows: 1
# columns: 25
 -0.0010719 0.0065744000000000002 -0.0053055999999999997 -0.0020741000000000002 0.015007 -0.012939000000000001 -0.026527999999999999 0.046175000000000001 0.037516000000000001 -0.12043 -0.045426000000000001 0.43972 0.75546999999999997 0.43972 -0.045426000000000001 -0.12043 0.037516000000000001 0.046175000000000001 -0.026527999999999999 -0.012939000000000001 0.015007 -0.0020741000000000002 -0.0053055999999999997 0.0065744000000000002 -0.0010719


